Date and Time     	Excel-Time    	1-Laser	2-Laser	3-Sum  	4-TC1  	5-TC2  	6-Tair 	7-rH%  
13.04.17 10:56:08	  42838,455648	   0,02	  17,45	  17,47	  18,56	  18,86	  19,28	  54,68
13.04.17 10:58:44	  42838,457454	   0,11	  24,15	  24,25	  18,56	  18,90	  19,30	  54,65
13.04.17 11:01:13	  42838,459178	   0,73	  25,54	  26,26	  18,56	  18,85	  19,30	  54,65
13.04.17 11:03:42	  42838,460903	   1,19	  25,70	  26,88	  18,63	  18,86	  19,31	  54,65
13.04.17 11:06:12	  42838,462639	   1,38	  35,94	  37,33	  18,62	  18,90	  19,32	  54,66
13.04.17 11:08:41	  42838,464363	   1,34	  36,53	  37,87	  18,63	  19,00	  19,33	  54,81
13.04.17 11:11:10	  42838,466088	   1,39	  45,56	  46,95	  18,63	  18,92	  19,35	  54,63
13.04.17 11:13:39	  42838,467812	   1,39	  52,85	  54,24	  18,63	  18,95	  19,36	  54,63
13.04.17 11:16:08	  42838,469537	   1,42	  61,10	  62,52	  18,63	  18,92	  19,37	  54,60
13.04.17 11:18:44	  42838,471343	   1,43	  69,49	  70,92	  18,68	  18,98	  19,38	  54,63
13.04.17 11:21:14	  42838,473079	   1,52	  75,54	  77,06	  18,68	  18,97	  19,39	  54,67
13.04.17 11:23:43	  42838,474803	   2,60	  85,52	  88,12	  18,68	  19,16	  19,40	  54,61
13.04.17 11:26:12	  42838,476528	   2,66	  92,56	  95,22	  18,69	  18,99	  19,40	  54,76
13.04.17 11:28:41	  42838,478252	   2,64	  99,65	 102,29	  18,75	  18,91	  19,41	  54,76
13.04.17 11:31:10	  42838,479977	   2,64	 107,22	 109,87	  18,75	  18,97	  19,42	  54,39
13.04.17 11:33:40	  42838,481713	   2,68	 116,20	 118,89	  18,74	  18,97	  19,43	  54,64
13.04.17 11:36:09	  42838,483437	   2,64	 125,90	 128,53	  18,76	  19,01	  19,44	  54,61
13.04.17 11:38:38	  42838,485162	   2,61	 136,60	 139,21	  18,75	  19,02	  19,44	  54,64
13.04.17 11:41:14	  42838,486968	   2,61	 144,93	 147,54	  18,75	  19,07	  19,46	  54,65
13.04.17 11:43:43	  42838,488692	   2,64	 153,19	 155,84	  18,76	  18,99	  19,47	  54,62
13.04.17 11:46:12	  42838,490417	   2,66	 161,70	 164,36	  18,75	  19,13	  19,48	  54,74
13.04.17 11:48:41	  42838,492141	   2,83	 172,87	 175,70	  18,82	  19,05	  19,49	  54,84
13.04.17 11:51:11	  42838,493877	   3,34	 180,45	 183,79	  18,81	  19,09	  19,50	  54,68
13.04.17 11:53:40	  42838,495602	   3,94	 196,18	 200,12	  18,81	  19,02	  19,52	  54,75
13.04.17 11:56:09	  42838,497326	   3,91	 206,24	 210,16	  18,81	  19,17	  19,53	  54,59
13.04.17 11:58:38	  42838,499051	   3,96	 219,27	 223,23	  18,87	  19,18	  19,55	  54,66
13.04.17 12:01:14	  42838,500856	   3,97	 236,26	 240,23	  18,88	  19,13	  19,57	  54,72
13.04.17 12:03:43	  42838,502581	   3,96	 246,27	 250,23	  18,87	  19,14	  19,57	  54,75
13.04.17 12:06:13	  42838,504317	   3,97	 260,65	 264,63	  18,88	  19,17	  19,58	  54,66
13.04.17 12:08:42	  42838,506042	   3,97	 277,68	 281,65	  18,88	  19,08	  19,59	  54,76
13.04.17 12:11:11	  42838,507766	   3,97	 287,92	 291,89	  18,87	  19,09	  19,60	  54,82
13.04.17 12:13:40	  42838,509491	   3,99	 301,92	 305,91	  18,88	  19,00	  19,61	  54,70
13.04.17 12:16:10	  42838,511227	   3,97	 312,99	 316,97	  18,94	  19,12	  19,62	  54,73
13.04.17 12:18:39	  42838,512951	   3,95	 326,17	 330,12	  18,93	  19,20	  19,63	  54,86
13.04.17 12:21:08	  42838,514676	   3,98	 336,77	 340,75	  18,88	  19,15	  19,64	  54,83
13.04.17 12:23:44	  42838,516481	   4,31	 349,71	 354,02	  18,94	  19,16	  19,65	  54,89
13.04.17 12:26:13	  42838,518206	   4,15	 358,46	 362,61	  18,94	  19,25	  19,66	  54,86
13.04.17 12:28:42	  42838,519931	   4,82	 367,89	 372,71	  18,94	  19,22	  19,68	  54,96
13.04.17 12:31:12	  42838,521667	   4,82	 380,59	 385,41	  19,01	  19,07	  19,68	  54,80
13.04.17 12:33:41	  42838,523391	   5,13	 391,58	 396,71	  19,00	  19,15	  19,70	  54,87
13.04.17 12:36:10	  42838,525116	   5,28	 407,45	 412,73	  19,00	  19,26	  19,71	  54,84
13.04.17 12:38:39	  42838,526840	   5,29	 416,66	 421,95	  19,00	  19,31	  19,72	  54,84
13.04.17 12:41:08	  42838,528565	   5,31	 428,56	 433,87	  19,01	  19,18	  19,72	  54,81
13.04.17 12:43:44	  42838,530370	   5,30	 437,73	 443,02	  19,00	  19,22	  19,73	  54,90
13.04.17 12:46:14	  42838,532106	   5,25	 449,57	 454,82	  19,06	  19,19	  19,75	  55,03
13.04.17 12:48:43	  42838,533831	   5,30	 461,54	 466,83	  19,06	  19,25	  19,75	  55,00
13.04.17 12:51:13	  42838,535567	   5,27	 472,30	 477,58	  19,00	  19,29	  19,76	  55,03
13.04.17 12:53:42	  42838,537292	   5,26	 480,53	 485,79	  19,07	  19,24	  19,77	  54,94
13.04.17 12:56:11	  42838,539016	   5,27	 488,78	 494,05	  19,06	  19,25	  19,77	  54,94
13.04.17 12:58:40	  42838,540741	   5,25	 496,39	 501,65	  19,07	  19,19	  19,79	  55,00
13.04.17 13:01:09	  42838,542465	   5,30	 506,79	 512,09	  19,07	  19,30	  19,79	  55,06
13.04.17 13:03:39	  42838,544201	   5,27	 515,08	 520,35	  19,06	  19,31	  19,80	  55,07
13.04.17 13:06:08	  42838,545926	   5,34	 525,47	 530,81	  19,13	  19,37	  19,81	  55,01
13.04.17 13:08:44	  42838,547731	   5,40	 531,71	 537,11	  19,07	  19,29	  19,82	  55,10
13.04.17 13:11:13	  42838,549456	   5,67	 536,37	 542,04	  19,07	  19,31	  19,84	  55,13
13.04.17 13:13:42	  42838,551181	   5,78	 544,22	 550,00	  19,13	  19,31	  19,86	  55,01
13.04.17 13:16:11	  42838,552905	   6,00	 553,21	 559,20	  19,13	  19,40	  19,86	  55,01
13.04.17 13:18:41	  42838,554641	   6,12	 558,33	 564,45	  19,13	  19,27	  19,87	  55,08
13.04.17 13:21:10	  42838,556366	   6,38	 563,79	 570,17	  19,14	  19,41	  19,87	  55,20
13.04.17 13:23:39	  42838,558090	   6,25	 571,57	 577,81	  19,13	  19,34	  19,88	  55,23
13.04.17 13:26:08	  42838,559815	   6,54	 575,49	 582,03	  19,13	  19,38	  19,88	  55,14
13.04.17 13:28:44	  42838,561620	   7,08	 580,75	 587,83	  19,19	  19,39	  19,89	  55,26
13.04.17 13:31:13	  42838,563345	   9,16	 586,08	 595,24	  19,19	  19,35	  19,90	  55,27
13.04.17 13:33:43	  42838,565081	   9,06	 593,84	 602,91	  19,19	  19,39	  19,91	  55,14
13.04.17 13:36:12	  42838,566806	   9,25	 598,08	 607,33	  19,19	  19,36	  19,92	  55,18
13.04.17 13:38:41	  42838,568530	   9,28	 601,83	 611,11	  19,20	  19,41	  19,93	  55,18
13.04.17 13:41:10	  42838,570255	   9,33	 605,63	 614,95	  19,19	  19,42	  19,94	  55,18
13.04.17 13:43:40	  42838,571991	   9,30	 609,78	 619,08	  19,19	  19,43	  19,95	  55,21
13.04.17 13:46:09	  42838,573715	   9,15	 615,62	 624,77	  19,26	  19,43	  19,95	  55,27
13.04.17 13:48:38	  42838,575440	   9,20	 621,28	 630,48	  19,26	  19,39	  19,97	  55,24
13.04.17 13:51:14	  42838,577245	   9,28	 624,85	 634,13	  19,26	  19,43	  19,97	  55,34
13.04.17 13:53:44	  42838,578981	   9,32	 627,75	 637,07	  19,25	  19,40	  19,98	  55,37
13.04.17 13:56:13	  42838,580706	   9,30	 631,67	 640,97	  19,25	  19,53	  19,99	  55,43
13.04.17 13:58:42	  42838,582431	   9,28	 634,34	 643,62	  19,25	  19,49	  20,00	  55,25
13.04.17 14:01:11	  42838,584155	   9,26	 636,42	 645,67	  19,26	  19,43	  20,01	  55,25
13.04.17 14:03:40	  42838,585880	   9,30	 639,69	 648,99	  19,31	  19,50	  20,03	  55,22
13.04.17 14:06:10	  42838,587616	   9,29	 642,21	 651,50	  19,32	  19,39	  20,03	  55,28
13.04.17 14:08:39	  42838,589340	   9,15	 644,90	 654,04	  19,32	  19,39	  20,03	  55,32
13.04.17 14:11:08	  42838,591065	   9,31	 645,28	 654,59	  19,31	  19,48	  20,04	  55,25
13.04.17 14:13:44	  42838,592870	   9,29	 647,47	 656,76	  19,32	  19,52	  20,05	  55,26
13.04.17 14:16:13	  42838,594595	   9,32	 648,88	 658,20	  19,32	  19,50	  20,07	  55,29
13.04.17 14:18:42	  42838,596319	   9,32	 650,20	 659,52	  19,32	  19,55	  20,08	  55,29
13.04.17 14:21:12	  42838,598056	   9,35	 651,64	 660,99	  19,38	  19,56	  20,09	  55,26
13.04.17 14:23:41	  42838,599780	   9,87	 654,06	 663,93	  19,32	  19,55	  20,10	  55,20
13.04.17 14:26:10	  42838,601505	  10,00	 656,70	 666,70	  19,38	  19,60	  20,11	  55,23
13.04.17 14:28:39	  42838,603229	  10,17	 657,98	 668,15	  19,38	  19,58	  20,12	  55,30
13.04.17 14:31:09	  42838,604965	  10,56	 658,02	 668,58	  19,38	  19,60	  20,13	  55,33
13.04.17 14:33:45	  42838,606771	  10,59	 660,16	 670,74	  19,39	  19,60	  20,14	  55,39
13.04.17 14:36:14	  42838,608495	  10,21	 661,39	 671,60	  19,38	  19,64	  20,15	  55,33
13.04.17 14:38:43	  42838,610220	  10,01	 663,31	 673,33	  19,44	  19,50	  20,17	  55,30
13.04.17 14:41:12	  42838,611944	  10,62	 664,61	 675,23	  19,44	  19,69	  20,18	  55,18
13.04.17 14:43:41	  42838,613669	  10,60	 664,63	 675,23	  19,44	  19,69	  20,19	  55,15
13.04.17 14:46:11	  42838,615405	  10,59	 665,93	 676,52	  19,44	  19,65	  20,20	  55,15
13.04.17 14:48:40	  42838,617130	  10,58	 667,40	 677,98	  19,45	  19,65	  20,22	  55,19
13.04.17 14:51:09	  42838,618854	  10,54	 665,95	 676,49	  19,45	  19,63	  20,23	  55,22
13.04.17 14:53:38	  42838,620579	  10,59	 667,24	 677,83	  19,50	  19,72	  20,24	  55,13
13.04.17 14:56:14	  42838,622384	  10,57	 668,56	 679,13	  19,51	  19,75	  20,25	  55,16
13.04.17 14:58:43	  42838,624109	  10,58	 669,85	 680,43	  19,50	  19,72	  20,27	  55,35
13.04.17 15:01:13	  42838,625845	  10,60	 669,37	 679,97	  19,50	  19,72	  20,27	  55,29
13.04.17 15:03:42	  42838,627569	  10,60	 669,79	 680,40	  19,50	  19,73	  20,29	  55,29
13.04.17 15:06:11	  42838,629294	  10,59	 670,01	 680,60	  19,51	  19,70	  20,30	  55,29
13.04.17 15:08:40	  42838,631019	  10,57	 669,84	 680,41	  19,57	  19,67	  20,31	  55,23
13.04.17 15:11:10	  42838,632755	  10,59	 671,23	 681,82	  19,51	  19,71	  20,32	  55,23
13.04.17 15:13:39	  42838,634479	  10,60	 671,25	 681,85	  19,57	  19,79	  20,34	  55,24
13.04.17 15:16:08	  42838,636204	  10,63	 671,25	 681,88	  19,57	  19,80	  20,35	  55,45
13.04.17 15:18:44	  42838,638009	  10,60	 671,55	 682,14	  19,58	  19,82	  20,36	  55,30
13.04.17 15:21:13	  42838,639734	  10,65	 673,84	 684,50	  19,57	  19,86	  20,38	  55,27
13.04.17 15:23:42	  42838,641458	  10,60	 673,86	 684,45	  19,58	  19,86	  20,38	  55,37
13.04.17 15:26:12	  42838,643194	  10,65	 672,58	 683,23	  19,58	  19,91	  20,39	  55,24
13.04.17 15:28:41	  42838,644919	  10,62	 672,94	 683,56	  19,64	  19,90	  20,40	  55,34
13.04.17 15:31:10	  42838,646644	  10,62	 672,53	 683,15	  19,64	  19,92	  20,41	  55,25
13.04.17 15:33:39	  42838,648368	  10,61	 673,87	 684,48	  19,64	  19,91	  20,42	  55,34
13.04.17 15:36:08	  42838,650093	  10,63	 672,64	 683,27	  19,63	  19,85	  20,43	  55,44
13.04.17 15:38:44	  42838,651898	  10,60	 672,58	 683,18	  19,64	  19,87	  20,44	  55,28
13.04.17 15:41:14	  42838,653634	  10,61	 672,56	 683,17	  19,63	  19,89	  20,45	  55,19
13.04.17 15:43:43	  42838,655359	  10,71	 675,15	 685,86	  19,64	  19,93	  20,45	  55,35
13.04.17 15:46:12	  42838,657083	  10,65	 674,97	 685,62	  19,64	  19,92	  20,46	  55,32
13.04.17 15:48:41	  42838,658808	  10,64	 674,47	 685,11	  19,63	  19,95	  20,46	  55,22
13.04.17 15:51:10	  42838,660532	  10,60	 673,87	 684,47	  19,64	  19,94	  20,46	  55,32
13.04.17 15:53:40	  42838,662269	  10,65	 673,90	 684,55	  19,70	  19,91	  20,47	  55,10
13.04.17 15:56:09	  42838,663993	  10,64	 674,63	 685,26	  19,71	  19,87	  20,47	  55,07
13.04.17 15:58:38	  42838,665718	  10,63	 675,15	 685,78	  19,70	  19,89	  20,47	  55,07
13.04.17 16:01:14	  42838,667523	  10,64	 672,58	 683,22	  19,70	  19,89	  20,47	  55,32
13.04.17 16:03:43	  42838,669248	  10,64	 673,88	 684,52	  19,70	  19,93	  20,47	  55,29
13.04.17 16:06:12	  42838,670972	  10,62	 672,52	 683,14	  19,70	  19,90	  20,47	  55,29
13.04.17 16:08:42	  42838,672708	  10,61	 675,12	 685,73	  19,70	  19,92	  20,47	  55,26
13.04.17 16:11:11	  42838,674433	  10,65	 674,94	 685,58	  19,70	  19,93	  20,47	  55,13
13.04.17 16:13:40	  42838,676157	  10,60	 675,13	 685,74	  19,70	  19,92	  20,48	  55,17
13.04.17 16:16:09	  42838,677882	  10,64	 673,86	 684,50	  19,70	  19,90	  20,48	  55,26
13.04.17 16:18:39	  42838,679618	  10,63	 673,91	 684,54	  19,70	  19,98	  20,48	  55,23
13.04.17 16:21:15	  42838,681424	  10,66	 673,87	 684,53	  19,70	  19,98	  20,48	  55,17
13.04.17 16:23:44	  42838,683148	  10,62	 673,63	 684,25	  19,76	  19,92	  20,48	  55,26
13.04.17 16:26:13	  42838,684873	  10,64	 674,63	 685,26	  19,76	  19,98	  20,48	  55,23
13.04.17 16:28:42	  42838,686597	  10,74	 673,85	 684,59	  19,76	  20,02	  20,49	  55,14
13.04.17 16:31:11	  42838,688322	  10,87	 673,86	 684,73	  19,76	  20,00	  20,49	  55,29
13.04.17 16:33:41	  42838,690058	  11,16	 673,28	 684,44	  19,76	  20,01	  20,49	  55,20
13.04.17 16:36:10	  42838,691782	  11,10	 673,87	 684,97	  19,70	  20,03	  20,50	  55,26
13.04.17 16:38:39	  42838,693507	  11,24	 672,50	 683,75	  19,76	  20,00	  20,51	  55,20
13.04.17 16:41:08	  42838,695231	  11,33	 672,65	 683,98	  19,76	  20,00	  20,50	  55,14
13.04.17 16:43:44	  42838,697037	  11,49	 674,07	 685,56	  19,77	  20,00	  20,51	  55,05
13.04.17 16:46:13	  42838,698762	  11,67	 673,92	 685,59	  19,76	  20,03	  20,51	  55,05
13.04.17 16:48:43	  42838,700498	  11,68	 674,97	 686,65	  19,76	  20,07	  20,52	  55,02
13.04.17 16:51:12	  42838,702222	  11,72	 673,06	 684,78	  19,77	  20,01	  20,53	  55,11
13.04.17 16:53:41	  42838,703947	  11,80	 671,30	 683,10	  19,76	  20,02	  20,52	  55,02
13.04.17 16:56:10	  42838,705671	  11,76	 673,69	 685,45	  19,77	  20,01	  20,54	  54,93
13.04.17 16:58:40	  42838,707407	  11,96	 672,56	 684,53	  19,76	  19,99	  20,54	  54,93
13.04.17 17:01:09	  42838,709132	  11,87	 672,57	 684,44	  19,77	  20,09	  20,55	  54,93
13.04.17 17:03:45	  42838,710938	  11,44	 672,27	 683,71	  19,77	  20,04	  20,56	  54,87
13.04.17 17:06:14	  42838,712662	  11,98	 672,53	 684,51	  19,76	  20,01	  20,56	  54,93
13.04.17 17:08:43	  42838,714387	  11,96	 672,01	 683,97	  19,83	  20,07	  20,56	  54,99
13.04.17 17:11:12	  42838,716111	  11,98	 672,57	 684,55	  19,83	  20,08	  20,57	  54,93
13.04.17 17:13:42	  42838,717847	  11,92	 671,53	 683,45	  19,82	  20,08	  20,58	  54,90
13.04.17 17:16:11	  42838,719572	  11,96	 672,58	 684,54	  19,82	  20,08	  20,59	  54,96
13.04.17 17:18:40	  42838,721296	  12,00	 673,84	 685,84	  19,83	  20,06	  20,59	  54,81
13.04.17 17:21:09	  42838,723021	  11,93	 672,25	 684,18	  19,89	  20,05	  20,59	  54,93
13.04.17 17:23:38	  42838,724745	  12,03	 672,61	 684,64	  19,83	  20,06	  20,60	  54,72
13.04.17 17:26:14	  42838,726551	  11,91	 672,57	 684,48	  19,83	  20,06	  20,61	  54,63
13.04.17 17:28:44	  42838,728287	  11,98	 672,58	 684,56	  19,89	  20,13	  20,61	  54,72
13.04.17 17:31:13	  42838,730012	  11,89	 672,01	 683,90	  19,89	  20,06	  20,61	  54,84
13.04.17 17:33:42	  42838,731736	  11,93	 671,30	 683,23	  19,83	  20,04	  20,61	  54,63
13.04.17 17:36:11	  42838,733461	  11,93	 669,90	 681,83	  19,89	  20,10	  20,61	  54,81
13.04.17 17:38:40	  42838,735185	  11,98	 672,58	 684,55	  19,89	  20,12	  20,60	  54,84
13.04.17 17:41:10	  42838,736921	  11,96	 669,92	 681,88	  19,89	  20,06	  20,61	  54,78
13.04.17 17:43:39	  42838,738646	  11,97	 671,99	 683,96	  19,82	  20,06	  20,61	  54,91
13.04.17 17:46:08	  42838,740370	  12,03	 671,25	 683,28	  19,89	  20,06	  20,60	  54,87
13.04.17 17:48:44	  42838,742176	  11,95	 671,27	 683,22	  19,89	  20,09	  20,60	  54,87
13.04.17 17:51:13	  42838,743901	  11,96	 670,66	 682,62	  19,88	  20,10	  20,60	  55,00
13.04.17 17:53:43	  42838,745637	  11,95	 670,27	 682,22	  19,89	  20,12	  20,61	  55,03
13.04.17 17:56:12	  42838,747361	  12,00	 671,31	 683,31	  19,89	  20,16	  20,60	  55,00
13.04.17 17:58:41	  42838,749086	  12,00	 671,07	 683,06	  19,89	  20,10	  20,61	  54,97
13.04.17 18:01:10	  42838,750810	  12,14	 670,09	 682,22	  19,89	  20,09	  20,61	  55,00
13.04.17 18:03:39	  42838,752535	  12,11	 671,91	 684,02	  19,89	  20,08	  20,61	  55,12
13.04.17 18:06:09	  42838,754271	  12,31	 671,65	 683,96	  19,89	  20,10	  20,61	  54,81
13.04.17 18:08:45	  42838,756076	  12,06	 668,64	 680,70	  19,89	  20,11	  20,61	  54,75
13.04.17 18:11:14	  42838,757801	  12,16	 669,96	 682,11	  19,89	  20,07	  20,61	  54,81
13.04.17 18:13:43	  42838,759525	  12,37	 670,56	 682,94	  19,89	  20,07	  20,61	  54,57
13.04.17 18:16:12	  42838,761250	  12,51	 669,14	 681,65	  19,89	  20,07	  20,61	  54,57
13.04.17 18:18:41	  42838,762975	  12,42	 667,30	 679,72	  19,89	  20,12	  20,60	  54,81
13.04.17 18:21:11	  42838,764711	  12,85	 669,66	 682,51	  19,88	  20,14	  20,61	  54,60
13.04.17 18:23:40	  42838,766435	  12,51	 668,60	 681,11	  19,89	  20,08	  20,60	  54,66
13.04.17 18:26:09	  42838,768160	  12,85	 668,58	 681,43	  19,89	  20,12	  20,60	  54,63
13.04.17 18:28:38	  42838,769884	  13,08	 667,31	 680,39	  19,89	  20,07	  20,60	  54,59
13.04.17 18:31:14	  42838,771690	  13,21	 667,32	 680,53	  19,88	  20,06	  20,60	  54,69
13.04.17 18:33:44	  42838,773426	  13,57	 666,04	 679,61	  19,88	  20,14	  20,59	  54,69
13.04.17 18:36:13	  42838,775150	  13,60	 667,30	 680,90	  19,89	  20,06	  20,58	  54,81
13.04.17 18:38:42	  42838,776875	  13,53	 668,07	 681,60	  19,89	  20,13	  20,58	  54,68
13.04.17 18:41:11	  42838,778600	  13,54	 665,91	 679,44	  19,89	  20,10	  20,57	  54,87
13.04.17 18:43:40	  42838,780324	  13,52	 667,30	 680,82	  19,88	  20,02	  20,56	  54,71
13.04.17 18:46:10	  42838,782060	  13,58	 666,04	 679,62	  19,88	  20,03	  20,56	  54,71
13.04.17 18:48:39	  42838,783785	  13,55	 665,24	 678,79	  19,89	  20,07	  20,56	  54,74
13.04.17 18:51:15	  42838,785590	  13,50	 665,05	 678,56	  19,89	  20,01	  20,55	  54,68
13.04.17 18:53:44	  42838,787315	  13,58	 665,99	 679,57	  19,89	  19,99	  20,54	  54,59
13.04.17 18:56:13	  42838,789039	  13,59	 665,98	 679,57	  19,89	  19,99	  20,54	  54,62
13.04.17 18:58:42	  42838,790764	  13,54	 667,37	 680,90	  19,89	  20,04	  20,54	  54,65
13.04.17 19:01:12	  42838,792500	  13,54	 663,41	 676,95	  19,89	  20,03	  20,53	  54,68
13.04.17 19:03:41	  42838,794225	  13,56	 663,38	 676,94	  19,89	  19,97	  20,52	  54,61
13.04.17 19:06:10	  42838,795949	  13,58	 664,69	 678,27	  19,89	  20,03	  20,52	  54,46
13.04.17 19:08:39	  42838,797674	  13,59	 663,41	 677,00	  19,89	  20,06	  20,52	  54,61
13.04.17 19:11:09	  42838,799410	  13,60	 663,68	 677,28	  19,89	  19,95	  20,52	  54,55
13.04.17 19:13:44	  42838,801204	  13,58	 662,09	 675,67	  19,89	  19,96	  20,51	  54,43
13.04.17 19:16:14	  42838,802940	  13,66	 662,08	 675,74	  19,89	  19,89	  20,51	  54,49
13.04.17 19:18:43	  42838,804664	  13,61	 662,07	 675,68	  19,89	  19,93	  20,50	  54,36
13.04.17 19:21:12	  42838,806389	  13,70	 662,07	 675,77	  19,83	  20,01	  20,50	  54,43
13.04.17 19:23:41	  42838,808113	  14,62	 660,88	 675,50	  19,89	  20,01	  20,49	  54,61
13.04.17 19:26:11	  42838,809850	  14,57	 660,80	 675,37	  19,82	  20,01	  20,49	  54,42
13.04.17 19:28:40	  42838,811574	  14,63	 660,79	 675,43	  19,82	  20,05	  20,48	  54,45
13.04.17 19:31:09	  42838,813299	  14,63	 660,78	 675,41	  19,83	  20,00	  20,48	  54,33
13.04.17 19:33:45	  42838,815104	  14,55	 660,80	 675,35	  19,82	  19,95	  20,47	  54,48
13.04.17 19:36:14	  42838,816829	  14,91	 659,64	 674,54	  19,82	  19,92	  20,46	  54,33
13.04.17 19:38:43	  42838,818553	  14,88	 660,80	 675,67	  19,83	  19,97	  20,46	  54,51
13.04.17 19:41:13	  42838,820289	  14,89	 659,40	 674,28	  19,83	  19,94	  20,45	  54,45
13.04.17 19:43:42	  42838,822014	  14,89	 659,26	 674,16	  19,83	  19,98	  20,45	  54,42
13.04.17 19:46:11	  42838,823738	  14,85	 658,51	 673,36	  19,82	  19,94	  20,43	  54,38
13.04.17 19:48:40	  42838,825463	  14,85	 658,92	 673,76	  19,83	  19,92	  20,44	  54,39
13.04.17 19:51:09	  42838,827187	  14,88	 658,12	 673,00	  19,82	  19,90	  20,43	  54,45
13.04.17 19:53:39	  42838,828924	  14,88	 658,08	 672,96	  19,83	  19,92	  20,43	  54,35
13.04.17 19:56:15	  42838,830729	  14,82	 658,09	 672,91	  19,76	  19,95	  20,42	  54,38
13.04.17 19:58:44	  42838,832454	  14,88	 658,08	 672,96	  19,77	  19,93	  20,42	  54,38
13.04.17 20:01:13	  42838,834178	  14,86	 657,90	 672,76	  19,76	  19,93	  20,40	  54,32
13.04.17 20:03:42	  42838,835903	  14,88	 657,80	 672,68	  19,77	  19,97	  20,40	  54,35
13.04.17 20:06:11	  42838,837627	  14,80	 656,79	 671,59	  19,77	  19,92	  20,40	  54,41
13.04.17 20:08:41	  42838,839363	  14,89	 657,89	 672,78	  19,76	  19,86	  20,40	  54,19
13.04.17 20:11:10	  42838,841088	  14,86	 657,12	 671,97	  19,77	  19,83	  20,39	  54,32
13.04.17 20:13:39	  42838,842812	  15,12	 656,77	 671,89	  19,77	  19,90	  20,38	  54,28
13.04.17 20:16:08	  42838,844537	  15,40	 656,82	 672,22	  19,76	  19,85	  20,36	  54,34
13.04.17 20:18:44	  42838,846343	  15,18	 656,77	 671,96	  19,76	  19,88	  20,36	  54,31
13.04.17 20:21:14	  42838,848079	  15,29	 656,76	 672,05	  19,76	  19,89	  20,35	  54,31
13.04.17 20:23:43	  42838,849803	  15,62	 656,76	 672,38	  19,70	  19,88	  20,35	  54,31
13.04.17 20:26:12	  42838,851528	  15,67	 656,76	 672,43	  19,76	  19,86	  20,35	  54,31
13.04.17 20:28:41	  42838,853252	  16,02	 656,74	 672,76	  19,70	  19,82	  20,34	  54,28
13.04.17 20:31:10	  42838,854977	  16,13	 656,76	 672,89	  19,71	  19,88	  20,32	  54,28
13.04.17 20:33:40	  42838,856713	  16,09	 656,75	 672,84	  19,70	  19,82	  20,32	  54,21
13.04.17 20:36:09	  42838,858437	  16,14	 656,74	 672,89	  19,70	  19,81	  20,32	  54,24
13.04.17 20:38:45	  42838,860243	  16,15	 656,72	 672,87	  19,70	  19,83	  20,30	  54,09
13.04.17 20:41:14	  42838,861968	  16,12	 656,60	 672,72	  19,70	  19,80	  20,30	  54,06
13.04.17 20:43:43	  42838,863692	  16,07	 655,92	 672,00	  19,71	  19,84	  20,29	  54,12
13.04.17 20:46:12	  42838,865417	  16,11	 656,70	 672,81	  19,70	  19,80	  20,29	  54,15
13.04.17 20:48:42	  42838,867153	  16,08	 655,48	 671,56	  19,70	  19,85	  20,28	  54,11
13.04.17 20:51:11	  42838,868877	  16,11	 655,48	 671,60	  19,71	  19,73	  20,27	  54,05
13.04.17 20:53:40	  42838,870602	  16,11	 655,48	 671,59	  19,70	  19,78	  20,26	  53,99
13.04.17 20:56:09	  42838,872326	  16,07	 655,44	 671,51	  19,64	  19,77	  20,26	  53,96
13.04.17 20:58:38	  42838,874051	  16,09	 655,40	 671,50	  19,64	  19,84	  20,26	  53,93
13.04.17 21:01:14	  42838,875856	  16,11	 654,57	 670,68	  19,64	  19,76	  20,26	  53,89
13.04.17 21:03:44	  42838,877593	  16,15	 654,13	 670,28	  19,63	  19,84	  20,24	  53,77
13.04.17 21:06:13	  42838,879317	  16,10	 654,20	 670,30	  19,64	  19,72	  20,24	  53,71
13.04.17 21:08:42	  42838,881042	  16,08	 654,07	 670,15	  19,64	  19,78	  20,24	  53,71
13.04.17 21:11:11	  42838,882766	  16,48	 654,11	 670,59	  19,63	  19,83	  20,23	  53,70
13.04.17 21:13:41	  42838,884502	  16,30	 653,75	 670,05	  19,64	  19,73	  20,22	  53,70
13.04.17 21:16:10	  42838,886227	  16,26	 653,16	 669,42	  19,64	  19,73	  20,22	  53,64
13.04.17 21:18:39	  42838,887951	  16,65	 653,09	 669,75	  19,64	  19,76	  20,21	  53,61
13.04.17 21:21:15	  42838,889757	  17,21	 652,86	 670,07	  19,64	  19,74	  20,20	  53,58
13.04.17 21:23:44	  42838,891481	  16,29	 652,81	 669,09	  19,64	  19,72	  20,19	  53,51
13.04.17 21:26:13	  42838,893206	  16,04	 651,78	 667,82	  19,63	  19,76	  20,19	  53,54
13.04.17 21:28:43	  42838,894942	  17,44	 652,78	 670,22	  19,63	  19,76	  20,18	  53,45
13.04.17 21:31:12	  42838,896667	  17,38	 651,89	 669,27	  19,58	  19,74	  20,17	  53,54
13.04.17 21:33:41	  42838,898391	  17,39	 651,63	 669,02	  19,58	  19,67	  20,16	  53,48
13.04.17 21:36:10	  42838,900116	  17,08	 651,75	 668,83	  19,57	  19,83	  20,15	  53,48
13.04.17 21:38:39	  42838,901840	  16,99	 651,49	 668,48	  19,57	  19,70	  20,15	  53,51
13.04.17 21:41:09	  42838,903576	  17,39	 651,48	 668,87	  19,58	  19,65	  20,14	  53,47
13.04.17 21:43:45	  42838,905382	  17,40	 651,50	 668,90	  19,57	  19,66	  20,14	  53,44
13.04.17 21:46:14	  42838,907106	  17,44	 650,70	 668,14	  19,57	  19,73	  20,13	  53,44
13.04.17 21:48:43	  42838,908831	  16,79	 650,94	 667,74	  19,57	  19,65	  20,12	  53,44
13.04.17 21:51:12	  42838,910556	  16,82	 650,37	 667,19	  19,58	  19,71	  20,12	  53,29
13.04.17 21:53:41	  42838,912280	  16,04	 650,19	 666,23	  19,57	  19,71	  20,11	  53,35
13.04.17 21:56:11	  42838,914016	  16,06	 650,21	 666,27	  19,51	  19,74	  20,11	  53,41
13.04.17 21:58:40	  42838,915741	  17,39	 650,16	 667,55	  19,52	  19,64	  20,10	  53,19
13.04.17 22:01:09	  42838,917465	  17,41	 650,06	 667,47	  19,51	  19,63	  20,10	  53,38
13.04.17 22:03:45	  42838,919271	  17,47	 649,23	 666,70	  19,51	  19,59	  20,09	  53,37
13.04.17 22:06:14	  42838,920995	  17,47	 648,79	 666,26	  19,51	  19,64	  20,09	  53,22
13.04.17 22:08:43	  42838,922720	  16,66	 648,76	 665,42	  19,51	  19,58	  20,08	  53,31
13.04.17 22:11:13	  42838,924456	  17,51	 648,77	 666,28	  19,51	  19,61	  20,08	  53,37
13.04.17 22:13:42	  42838,926181	  18,18	 648,72	 666,90	  19,52	  19,68	  20,07	  53,34
13.04.17 22:16:11	  42838,927905	  18,68	 648,41	 667,09	  19,51	  19,65	  20,07	  53,31
13.04.17 22:18:40	  42838,929630	  17,96	 647,90	 665,85	  19,51	  19,65	  20,05	  53,28
13.04.17 22:21:10	  42838,931366	  17,04	 647,53	 664,57	  19,51	  19,61	  20,05	  53,40
13.04.17 22:23:39	  42838,933090	  16,11	 647,51	 663,61	  19,51	  19,56	  20,04	  53,37
13.04.17 22:26:15	  42838,934896	  16,17	 647,49	 663,66	  19,51	  19,54	  20,03	  53,37
13.04.17 22:28:44	  42838,936620	  18,56	 647,50	 666,06	  19,51	  19,62	  20,03	  53,33
13.04.17 22:31:13	  42838,938345	  16,09	 647,36	 663,46	  19,51	  19,66	  20,02	  53,33
13.04.17 22:33:42	  42838,940069	  18,70	 646,82	 665,52	  19,45	  19,58	  20,02	  53,30
13.04.17 22:36:12	  42838,941806	  18,71	 647,43	 666,14	  19,45	  19,58	  20,01	  53,33
13.04.17 22:38:41	  42838,943530	  18,71	 646,23	 664,93	  19,45	  19,57	  20,00	  53,24
13.04.17 22:41:10	  42838,945255	  18,34	 646,16	 664,50	  19,45	  19,58	  19,99	  53,30
13.04.17 22:43:39	  42838,946979	  16,54	 646,16	 662,70	  19,45	  19,57	  19,99	  53,30
13.04.17 22:46:15	  42838,948785	  16,29	 646,16	 662,45	  19,44	  19,62	  19,98	  53,27
13.04.17 22:48:44	  42838,950509	  18,24	 646,16	 664,40	  19,45	  19,57	  19,97	  53,14
13.04.17 22:51:14	  42838,952245	  18,73	 646,17	 664,90	  19,45	  19,46	  19,96	  53,29
13.04.17 22:53:43	  42838,953970	  18,43	 645,74	 664,16	  19,45	  19,59	  19,96	  53,23
13.04.17 22:56:12	  42838,955694	  17,38	 645,16	 662,54	  19,45	  19,55	  19,96	  53,20
13.04.17 22:58:41	  42838,957419	  17,31	 644,90	 662,21	  19,39	  19,54	  19,96	  53,17
13.04.17 23:01:10	  42838,959144	  17,86	 644,90	 662,75	  19,45	  19,59	  19,95	  53,11
13.04.17 23:03:40	  42838,960880	  18,04	 644,85	 662,89	  19,39	  19,53	  19,94	  53,04
13.04.17 23:06:09	  42838,962604	  18,73	 644,85	 663,58	  19,39	  19,49	  19,93	  53,07
13.04.17 23:08:45	  42838,964410	  18,69	 644,14	 662,83	  19,38	  19,62	  19,92	  53,07
13.04.17 23:11:14	  42838,966134	  18,71	 644,86	 663,57	  19,39	  19,40	  19,92	  53,07
13.04.17 23:13:43	  42838,967859	  17,97	 643,52	 661,49	  19,39	  19,48	  19,91	  53,04
13.04.17 23:16:12	  42838,969583	  17,38	 643,58	 660,97	  19,39	  19,50	  19,91	  53,04
13.04.17 23:18:42	  42838,971319	  17,38	 643,56	 660,94	  19,38	  19,48	  19,90	  53,01
13.04.17 23:21:11	  42838,973044	  18,57	 643,56	 662,13	  19,38	  19,49	  19,90	  53,01
13.04.17 23:23:40	  42838,974769	  17,35	 643,41	 660,77	  19,38	  19,50	  19,89	  53,07
13.04.17 23:26:09	  42838,976493	  17,97	 643,57	 661,54	  19,32	  19,48	  19,88	  53,06
13.04.17 23:28:38	  42838,978218	  18,22	 643,55	 661,77	  19,38	  19,53	  19,88	  53,03
13.04.17 23:31:14	  42838,980023	  17,35	 642,83	 660,18	  19,39	  19,40	  19,87	  52,91
13.04.17 23:33:44	  42838,981759	  17,81	 642,27	 660,08	  19,33	  19,48	  19,86	  52,94
13.04.17 23:36:13	  42838,983484	  17,38	 642,77	 660,15	  19,32	  19,49	  19,85	  52,81
13.04.17 23:38:42	  42838,985208	  17,38	 642,06	 659,44	  19,33	  19,38	  19,85	  52,84
13.04.17 23:41:11	  42838,986933	  17,34	 642,08	 659,42	  19,32	  19,41	  19,84	  52,78
13.04.17 23:43:41	  42838,988669	  18,11	 642,31	 660,42	  19,31	  19,40	  19,83	  52,93
13.04.17 23:46:10	  42838,990394	  18,19	 641,04	 659,23	  19,33	  19,47	  19,83	  52,78
13.04.17 23:48:39	  42838,992118	  17,33	 642,25	 659,58	  19,32	  19,43	  19,83	  52,62
13.04.17 23:51:15	  42838,993924	  17,32	 640,91	 658,22	  19,32	  19,41	  19,81	  52,65
13.04.17 23:53:44	  42838,995648	  17,34	 641,00	 658,34	  19,26	  19,41	  19,80	  52,59
13.04.17 23:56:13	  42838,997373	  17,38	 640,95	 658,34	  19,26	  19,38	  19,80	  52,71
13.04.17 23:58:43	  42838,999109	  17,39	 640,93	 658,32	  19,26	  19,43	  19,79	  52,59
14.04.17 00:01:12	  42839,000833	  17,38	 640,42	 657,81	  19,26	  19,34	  19,78	  52,62
14.04.17 00:03:41	  42839,002558	  17,37	 641,87	 659,24	  19,27	  19,43	  19,78	  52,49
14.04.17 00:06:10	  42839,004282	  17,42	 639,63	 657,05	  19,26	  19,42	  19,77	  52,49
14.04.17 00:08:39	  42839,006007	  19,20	 640,94	 660,15	  19,26	  19,37	  19,77	  52,52
14.04.17 00:11:09	  42839,007743	  17,73	 640,24	 657,97	  19,26	  19,37	  19,76	  52,52
14.04.17 00:13:45	  42839,009549	  17,37	 639,64	 657,02	  19,26	  19,31	  19,75	  52,52
14.04.17 00:16:14	  42839,011273	  17,37	 639,90	 657,27	  19,26	  19,39	  19,74	  52,61
14.04.17 00:18:43	  42839,012998	  17,37	 639,18	 656,55	  19,26	  19,38	  19,74	  52,42
14.04.17 00:21:12	  42839,014722	  17,32	 639,63	 656,94	  19,26	  19,34	  19,73	  52,58
14.04.17 00:23:41	  42839,016447	  17,42	 639,27	 656,69	  19,20	  19,34	  19,73	  52,55
14.04.17 00:26:11	  42839,018183	  17,42	 639,24	 656,66	  19,20	  19,35	  19,73	  52,52
14.04.17 00:28:40	  42839,019907	  17,56	 639,63	 657,20	  19,26	  19,33	  19,72	  52,51
14.04.17 00:31:09	  42839,021632	  17,47	 638,22	 655,69	  19,19	  19,37	  19,71	  52,51
14.04.17 00:33:45	  42839,023437	  17,39	 639,64	 657,04	  19,19	  19,38	  19,71	  52,51
14.04.17 00:36:14	  42839,025162	  17,45	 638,92	 656,37	  19,20	  19,26	  19,70	  52,45
14.04.17 00:38:43	  42839,026887	  17,72	 638,23	 655,95	  19,19	  19,31	  19,70	  52,45
14.04.17 00:41:13	  42839,028623	  18,17	 639,63	 657,80	  19,20	  19,29	  19,69	  52,45
14.04.17 00:43:42	  42839,030347	  18,74	 638,17	 656,91	  19,20	  19,28	  19,68	  52,42
14.04.17 00:46:11	  42839,032072	  18,69	 638,21	 656,91	  19,20	  19,29	  19,67	  52,35
14.04.17 00:48:40	  42839,033796	  18,56	 638,17	 656,74	  19,20	  19,29	  19,68	  52,45
14.04.17 00:51:09	  42839,035521	  18,22	 636,98	 655,20	  19,20	  19,24	  19,66	  52,47
14.04.17 00:53:39	  42839,037257	  18,28	 638,17	 656,46	  19,19	  19,33	  19,66	  52,41
14.04.17 00:56:15	  42839,039063	  18,30	 637,13	 655,43	  19,20	  19,35	  19,65	  52,38
14.04.17 00:58:44	  42839,040787	  18,68	 637,43	 656,11	  19,14	  19,33	  19,64	  52,44
14.04.17 01:01:13	  42839,042512	  18,70	 638,21	 656,91	  19,13	  19,30	  19,64	  52,47
14.04.17 01:03:42	  42839,044236	  18,73	 637,11	 655,83	  19,14	  19,26	  19,63	  52,44
14.04.17 01:06:11	  42839,045961	  18,65	 636,91	 655,56	  19,14	  19,23	  19,63	  52,41
14.04.17 01:08:41	  42839,047697	  18,68	 636,97	 655,64	  19,13	  19,23	  19,62	  52,41
14.04.17 01:11:10	  42839,049421	  18,73	 637,27	 656,00	  19,14	  19,23	  19,63	  52,47
14.04.17 01:13:39	  42839,051146	  18,66	 636,98	 655,64	  19,13	  19,21	  19,62	  52,34
14.04.17 01:16:15	  42839,052951	  18,69	 635,62	 654,31	  19,13	  19,23	  19,61	  52,47
14.04.17 01:18:44	  42839,054676	  18,69	 636,08	 654,77	  19,13	  19,26	  19,60	  52,44
14.04.17 01:21:14	  42839,056412	  18,69	 635,80	 654,49	  19,13	  19,28	  19,60	  52,37
14.04.17 01:23:43	  42839,058137	  18,69	 635,58	 654,28	  19,07	  19,23	  19,59	  52,34
14.04.17 01:26:12	  42839,059861	  18,66	 636,82	 655,48	  19,07	  19,19	  19,59	  52,31
14.04.17 01:28:42	  42839,061597	  18,69	 635,59	 654,28	  19,07	  19,22	  19,58	  52,37
14.04.17 01:31:11	  42839,063322	  18,70	 635,59	 654,29	  19,07	  19,22	  19,58	  52,37
14.04.17 01:33:40	  42839,065046	  18,68	 636,75	 655,43	  19,08	  19,18	  19,57	  52,24
14.04.17 01:36:09	  42839,066771	  18,68	 635,71	 654,39	  19,07	  19,17	  19,56	  52,27
14.04.17 01:38:45	  42839,068576	  18,66	 635,59	 654,25	  19,08	  19,17	  19,56	  52,27
14.04.17 01:41:14	  42839,070301	  18,66	 634,59	 653,25	  19,13	  19,14	  19,55	  52,33
14.04.17 01:43:44	  42839,072037	  18,63	 634,40	 653,02	  19,07	  19,15	  19,54	  52,30
14.04.17 01:46:13	  42839,073762	  18,74	 634,29	 653,03	  19,07	  19,10	  19,54	  52,18
14.04.17 01:48:42	  42839,075486	  18,66	 634,40	 653,06	  19,07	  19,16	  19,54	  52,30
14.04.17 01:51:11	  42839,077211	  18,66	 633,03	 651,69	  19,07	  19,17	  19,53	  52,33
14.04.17 01:53:40	  42839,078935	  18,67	 634,29	 652,96	  19,07	  19,16	  19,53	  52,18
14.04.17 01:56:10	  42839,080671	  18,70	 634,27	 652,98	  19,07	  19,11	  19,52	  52,27
14.04.17 01:58:39	  42839,082396	  18,68	 632,94	 651,62	  19,00	  19,13	  19,52	  52,21
14.04.17 02:01:15	  42839,084201	  18,69	 633,88	 652,58	  19,07	  19,18	  19,51	  52,24
14.04.17 02:03:44	  42839,085926	  18,73	 634,10	 652,83	  19,00	  19,17	  19,50	  52,27
14.04.17 02:06:13	  42839,087651	  18,70	 634,26	 652,96	  19,00	  19,22	  19,50	  52,27
14.04.17 02:08:42	  42839,089375	  18,69	 632,97	 651,66	  19,01	  19,05	  19,49	  52,14
14.04.17 02:11:12	  42839,091111	  18,66	 631,91	 650,57	  19,01	  19,15	  19,49	  52,14
14.04.17 02:13:41	  42839,092836	  18,66	 632,70	 651,36	  19,00	  19,10	  19,48	  52,14
14.04.17 02:16:10	  42839,094560	  18,72	 632,18	 650,90	  19,00	  19,07	  19,49	  52,14
14.04.17 02:18:39	  42839,096285	  18,68	 632,42	 651,10	  19,01	  19,13	  19,48	  52,14
14.04.17 02:21:15	  42839,098090	  18,65	 631,71	 650,35	  19,00	  19,06	  19,48	  52,17
14.04.17 02:23:44	  42839,099815	  18,73	 631,73	 650,47	  19,01	  19,05	  19,47	  52,14
14.04.17 02:26:14	  42839,101551	  18,71	 631,66	 650,37	  19,01	  19,02	  19,47	  52,07
14.04.17 02:28:43	  42839,103275	  18,69	 631,72	 650,41	  19,01	  19,05	  19,46	  52,04
14.04.17 02:31:12	  42839,105000	  18,67	 631,67	 650,34	  19,01	  19,08	  19,45	  52,04
14.04.17 02:33:41	  42839,106725	  18,70	 631,64	 650,34	  18,95	  19,03	  19,45	  52,01
14.04.17 02:36:11	  42839,108461	  18,69	 631,66	 650,35	  18,94	  19,06	  19,44	  52,04
14.04.17 02:38:40	  42839,110185	  18,68	 631,64	 650,31	  18,95	  19,09	  19,44	  51,98
14.04.17 02:41:09	  42839,111910	  18,67	 631,65	 650,32	  18,94	  18,96	  19,44	  52,04
14.04.17 02:43:45	  42839,113715	  18,69	 631,69	 650,37	  18,94	  19,04	  19,43	  52,01
14.04.17 02:46:14	  42839,115440	  18,66	 631,68	 650,34	  18,94	  19,03	  19,42	  51,97
14.04.17 02:48:43	  42839,117164	  18,62	 631,64	 650,26	  18,88	  19,05	  19,42	  51,91
14.04.17 02:51:13	  42839,118900	  18,66	 631,64	 650,29	  18,88	  19,06	  19,41	  51,94
14.04.17 02:53:42	  42839,120625	  18,65	 631,56	 650,21	  18,94	  19,01	  19,41	  51,85
14.04.17 02:56:11	  42839,122350	  18,63	 631,64	 650,27	  18,89	  19,06	  19,40	  51,88
14.04.17 02:58:40	  42839,124074	  18,69	 630,33	 649,03	  18,95	  19,03	  19,39	  51,88
14.04.17 03:01:09	  42839,125799	  18,69	 631,21	 649,90	  18,88	  18,99	  19,39	  51,85
14.04.17 03:03:45	  42839,127604	  18,68	 630,60	 649,27	  18,94	  18,91	  19,37	  51,81
14.04.17 03:06:15	  42839,129340	  18,68	 630,21	 648,88	  18,88	  19,05	  19,37	  51,72
14.04.17 03:08:44	  42839,131065	  18,66	 630,32	 648,98	  18,89	  19,01	  19,36	  51,75
14.04.17 03:11:13	  42839,132789	  18,66	 630,31	 648,98	  18,88	  18,97	  19,36	  51,78
14.04.17 03:13:42	  42839,134514	  18,67	 630,31	 648,98	  18,88	  18,89	  19,35	  51,68
14.04.17 03:16:11	  42839,136238	  18,66	 630,34	 649,00	  18,88	  18,99	  19,35	  51,59
14.04.17 03:18:41	  42839,137975	  18,66	 630,33	 648,99	  18,88	  18,94	  19,34	  51,68
14.04.17 03:21:10	  42839,139699	  18,65	 629,46	 648,11	  18,88	  19,01	  19,34	  51,65
14.04.17 03:23:39	  42839,141424	  18,65	 629,05	 647,70	  18,88	  18,94	  19,33	  51,59
14.04.17 03:26:15	  42839,143229	  18,66	 630,00	 648,65	  18,88	  18,92	  19,32	  51,62
14.04.17 03:28:44	  42839,144954	  18,63	 629,72	 648,35	  18,82	  18,90	  19,31	  51,59
14.04.17 03:31:13	  42839,146678	  18,66	 629,17	 647,83	  18,82	  18,96	  19,31	  51,52
14.04.17 03:33:43	  42839,148414	  18,63	 629,03	 647,66	  18,82	  18,94	  19,30	  51,52
14.04.17 03:36:12	  42839,150139	  18,70	 629,01	 647,71	  18,82	  18,99	  19,30	  51,46
14.04.17 03:38:41	  42839,151863	  18,66	 629,00	 647,67	  18,82	  18,95	  19,29	  51,46
14.04.17 03:41:10	  42839,153588	  18,65	 627,62	 646,27	  18,81	  18,93	  19,29	  51,40
14.04.17 03:43:39	  42839,155312	  18,69	 628,10	 646,78	  18,81	  18,97	  19,28	  51,39
14.04.17 03:46:15	  42839,157118	  18,66	 628,75	 647,41	  18,81	  18,90	  19,28	  51,33
14.04.17 03:48:45	  42839,158854	  18,69	 628,43	 647,11	  18,82	  18,93	  19,27	  51,30
14.04.17 03:51:14	  42839,160579	  18,82	 628,69	 647,51	  18,82	  18,86	  19,26	  51,33
14.04.17 03:53:43	  42839,162303	  18,66	 627,66	 646,33	  18,82	  18,88	  19,26	  51,24
14.04.17 03:56:12	  42839,164028	  18,68	 627,62	 646,30	  18,76	  18,93	  19,25	  51,30
14.04.17 03:58:41	  42839,165752	  18,63	 627,60	 646,23	  18,76	  18,83	  19,25	  51,27
14.04.17 04:01:11	  42839,167488	  18,61	 627,59	 646,20	  18,75	  18,86	  19,24	  51,17
14.04.17 04:03:40	  42839,169213	  18,63	 627,09	 645,72	  18,76	  18,86	  19,24	  51,17
14.04.17 04:06:09	  42839,170938	  18,64	 627,05	 645,69	  18,75	  18,82	  19,23	  51,14
14.04.17 04:08:45	  42839,172743	  18,61	 626,32	 644,93	  18,75	  18,83	  19,21	  51,10
14.04.17 04:11:14	  42839,174468	  19,10	 626,63	 645,73	  18,76	  18,92	  19,21	  51,10
14.04.17 04:13:44	  42839,176204	  18,72	 626,33	 645,05	  18,76	  18,88	  19,20	  51,07
14.04.17 04:16:13	  42839,177928	  18,66	 626,28	 644,94	  18,75	  18,87	  19,19	  51,07
14.04.17 04:18:42	  42839,179653	  19,01	 626,45	 645,46	  18,75	  18,87	  19,18	  51,16
14.04.17 04:21:11	  42839,181377	  19,44	 625,77	 645,21	  18,75	  18,81	  19,18	  51,10
14.04.17 04:23:40	  42839,183102	  18,96	 626,23	 645,18	  18,76	  18,75	  19,18	  51,07
14.04.17 04:26:10	  42839,184838	  19,95	 626,18	 646,13	  18,69	  18,87	  19,17	  51,04
14.04.17 04:28:46	  42839,186644	  19,68	 625,91	 645,59	  18,69	  18,88	  19,17	  50,91
14.04.17 04:31:15	  42839,188368	  19,93	 626,32	 646,25	  18,69	  18,78	  19,16	  50,94
14.04.17 04:33:44	  42839,190093	  19,96	 626,82	 646,77	  18,69	  18,79	  19,16	  50,97
14.04.17 04:36:13	  42839,191817	  19,91	 626,30	 646,20	  18,69	  18,78	  19,16	  50,91
14.04.17 04:38:42	  42839,193542	  19,92	 626,30	 646,21	  18,69	  18,76	  19,15	  50,85
14.04.17 04:41:12	  42839,195278	  19,95	 626,29	 646,24	  18,69	  18,73	  19,14	  50,84
14.04.17 04:43:41	  42839,197002	  19,97	 626,03	 646,00	  18,69	  18,77	  19,12	  50,81
14.04.17 04:46:10	  42839,198727	  19,99	 624,82	 644,80	  18,69	  18,80	  19,12	  50,69
14.04.17 04:48:39	  42839,200451	  19,97	 624,00	 643,97	  18,63	  18,75	  19,11	  50,78
14.04.17 04:51:15	  42839,202257	  19,92	 623,84	 643,77	  18,63	  18,61	  19,11	  50,68
14.04.17 04:53:44	  42839,203981	  20,00	 625,03	 645,03	  18,63	  18,81	  19,10	  50,59
14.04.17 04:56:14	  42839,205718	  19,92	 626,15	 646,07	  18,63	  18,66	  19,10	  50,65
14.04.17 04:58:43	  42839,207442	  19,94	 625,87	 645,81	  18,63	  18,74	  19,09	  50,53
14.04.17 05:01:12	  42839,209167	  19,96	 624,10	 644,07	  18,62	  18,66	  19,08	  50,40
14.04.17 05:03:41	  42839,210891	  19,93	 624,52	 644,45	  18,63	  18,75	  19,07	  50,37
14.04.17 05:06:10	  42839,212616	  19,92	 624,86	 644,78	  18,63	  18,76	  19,07	  50,52
14.04.17 05:08:40	  42839,214352	  20,15	 624,82	 644,97	  18,63	  18,71	  19,06	  50,52
14.04.17 05:11:09	  42839,216076	  20,56	 624,78	 645,34	  18,63	  18,70	  19,05	  50,36
14.04.17 05:13:45	  42839,217882	  20,58	 624,08	 644,66	  18,64	  18,70	  19,05	  50,27
14.04.17 05:16:14	  42839,219606	  20,27	 623,75	 644,02	  18,62	  18,71	  19,04	  50,24
14.04.17 05:18:43	  42839,221331	  20,03	 624,55	 644,58	  18,57	  18,65	  19,04	  50,30
14.04.17 05:21:12	  42839,223056	  20,20	 624,27	 644,47	  18,57	  18,70	  19,04	  50,21
14.04.17 05:23:42	  42839,224792	  20,09	 622,66	 642,75	  18,56	  18,66	  19,02	  50,17
14.04.17 05:26:11	  42839,226516	  20,04	 624,74	 644,77	  18,56	  18,61	  19,01	  50,20
14.04.17 05:28:40	  42839,228241	  20,03	 623,67	 643,70	  18,56	  18,68	  19,00	  50,14
14.04.17 05:31:09	  42839,229965	  20,15	 623,69	 643,85	  18,56	  18,70	  19,00	  50,14
14.04.17 05:33:45	  42839,231771	  20,63	 622,89	 643,52	  18,57	  18,65	  18,99	  50,01
14.04.17 05:36:14	  42839,233495	  21,04	 623,65	 644,69	  18,57	  18,56	  18,99	  50,14
14.04.17 05:38:44	  42839,235231	  21,16	 623,59	 644,75	  18,57	  18,63	  18,98	  50,14
14.04.17 05:41:13	  42839,236956	  21,09	 623,43	 644,51	  18,57	  18,63	  18,97	  50,01
14.04.17 05:43:42	  42839,238681	  21,17	 623,46	 644,63	  18,57	  18,63	  18,97	  50,07
14.04.17 05:46:11	  42839,240405	  20,97	 623,48	 644,44	  18,56	  18,68	  18,95	  50,04
14.04.17 05:48:41	  42839,242141	  21,17	 622,72	 643,89	  18,50	  18,68	  18,95	  50,10
14.04.17 05:51:10	  42839,243866	  21,17	 622,35	 643,52	  18,50	  18,60	  18,95	  50,19
14.04.17 05:53:39	  42839,245590	  21,17	 622,38	 643,55	  18,50	  18,55	  18,94	  50,07
14.04.17 05:56:15	  42839,247396	  21,19	 623,22	 644,41	  18,51	  18,60	  18,94	  49,91
14.04.17 05:58:44	  42839,249120	  21,25	 622,51	 643,75	  18,51	  18,59	  18,93	  49,94
14.04.17 06:01:13	  42839,250845	  21,16	 622,41	 643,57	  18,50	  18,50	  18,92	  49,94
14.04.17 06:03:43	  42839,252581	  21,15	 621,74	 642,90	  18,50	  18,56	  18,92	  50,03
14.04.17 06:06:12	  42839,254306	  21,17	 621,15	 642,33	  18,51	  18,54	  18,91	  50,00
14.04.17 06:08:41	  42839,256030	  21,18	 621,59	 642,77	  18,50	  18,53	  18,90	  49,84
14.04.17 06:11:10	  42839,257755	  21,17	 622,01	 643,17	  18,50	  18,63	  18,90	  49,84
14.04.17 06:13:39	  42839,259479	  21,20	 622,38	 643,58	  18,44	  18,62	  18,90	  50,03
14.04.17 06:16:15	  42839,261285	  21,18	 622,01	 643,19	  18,43	  18,58	  18,89	  50,03
14.04.17 06:18:45	  42839,263021	  21,17	 621,79	 642,97	  18,44	  18,63	  18,89	  49,94
14.04.17 06:21:14	  42839,264745	  21,14	 621,68	 642,82	  18,44	  18,62	  18,88	  49,93
14.04.17 06:23:43	  42839,266470	  21,20	 622,35	 643,55	  18,44	  18,47	  18,88	  50,00
14.04.17 06:26:12	  42839,268194	  21,13	 621,08	 642,22	  18,44	  18,51	  18,88	  50,00
14.04.17 06:28:41	  42839,269919	  21,25	 621,47	 642,72	  18,44	  18,51	  18,87	  49,96
14.04.17 06:31:11	  42839,271655	  21,45	 622,01	 643,46	  18,44	  18,52	  18,86	  49,90
14.04.17 06:33:40	  42839,273380	  21,24	 621,15	 642,40	  18,44	  18,55	  18,86	  49,96
14.04.17 06:36:09	  42839,275104	  21,61	 620,50	 642,11	  18,44	  18,53	  18,85	  49,90
14.04.17 06:38:45	  42839,276910	  21,87	 621,08	 642,95	  18,44	  18,50	  18,85	  50,06
14.04.17 06:41:14	  42839,278634	  21,54	 621,09	 642,62	  18,44	  18,55	  18,84	  50,09
14.04.17 06:43:43	  42839,280359	  22,41	 621,15	 643,57	  18,44	  18,56	  18,83	  50,12
14.04.17 06:46:13	  42839,282095	  22,43	 621,12	 643,55	  18,38	  18,49	  18,83	  50,08
14.04.17 06:48:42	  42839,283819	  22,20	 621,02	 643,23	  18,37	  18,45	  18,82	  50,11
14.04.17 06:51:11	  42839,285544	  22,31	 621,06	 643,37	  18,38	  18,54	  18,83	  50,18
14.04.17 06:53:40	  42839,287269	  22,40	 621,02	 643,42	  18,37	  18,48	  18,82	  50,18
14.04.17 06:56:09	  42839,288993	  22,08	 621,11	 643,19	  18,38	  18,44	  18,82	  50,21
14.04.17 06:58:45	  42839,290799	  22,42	 620,17	 642,59	  18,38	  18,49	  18,82	  50,21
14.04.17 07:01:15	  42839,292535	  22,05	 619,78	 641,84	  18,38	  18,50	  18,81	  50,27
14.04.17 07:03:44	  42839,294259	  22,30	 620,55	 642,85	  18,37	  18,43	  18,81	  50,21
14.04.17 07:06:13	  42839,295984	  22,28	 619,80	 642,07	  18,38	  18,53	  18,80	  50,14
14.04.17 07:08:42	  42839,297708	  22,49	 619,80	 642,28	  18,37	  18,46	  18,79	  50,24
14.04.17 07:11:12	  42839,299444	  22,15	 620,48	 642,64	  18,38	  18,44	  18,79	  50,24
14.04.17 07:13:41	  42839,301169	  22,48	 619,80	 642,28	  18,37	  18,50	  18,79	  50,30
14.04.17 07:16:10	  42839,302894	  22,46	 619,77	 642,23	  18,38	  18,50	  18,79	  50,27
14.04.17 07:18:39	  42839,304618	  22,47	 618,80	 641,27	  18,32	  18,52	  18,78	  50,33
14.04.17 07:21:15	  42839,306424	  22,47	 618,50	 640,97	  18,37	  18,52	  18,78	  50,33
14.04.17 07:23:44	  42839,308148	  22,46	 618,52	 640,99	  18,31	  18,55	  18,77	  50,42
14.04.17 07:26:14	  42839,309884	  22,46	 620,11	 642,57	  18,31	  18,50	  18,77	  50,33
14.04.17 07:28:43	  42839,311609	  22,51	 619,56	 642,07	  18,31	  18,45	  18,77	  50,45
14.04.17 07:31:12	  42839,313333	  22,46	 619,20	 641,66	  18,31	  18,49	  18,77	  50,51
14.04.17 07:33:41	  42839,315058	  22,49	 618,51	 641,00	  18,32	  18,52	  18,76	  50,54
14.04.17 07:36:10	  42839,316782	  22,43	 618,94	 641,37	  18,32	  18,42	  18,76	  50,57
14.04.17 07:38:40	  42839,318519	  22,46	 618,52	 640,98	  18,31	  18,47	  18,76	  50,61
14.04.17 07:41:16	  42839,320324	  22,44	 618,49	 640,94	  18,31	  18,42	  18,76	  50,57
14.04.17 07:43:45	  42839,322049	  22,45	 618,50	 640,95	  18,31	  18,46	  18,76	  50,67
14.04.17 07:46:14	  42839,323773	  22,46	 618,53	 640,99	  18,32	  18,48	  18,75	  50,70
14.04.17 07:48:43	  42839,325498	  22,51	 618,39	 640,89	  18,31	  18,44	  18,75	  50,73
14.04.17 07:51:12	  42839,327222	  22,44	 617,15	 639,59	  18,31	  18,43	  18,74	  50,79
14.04.17 07:53:42	  42839,328958	  22,48	 617,09	 639,57	  18,32	  18,35	  18,74	  50,79
14.04.17 07:56:11	  42839,330683	  22,46	 617,14	 639,60	  18,31	  18,43	  18,74	  50,88
14.04.17 07:58:40	  42839,332407	  22,46	 617,08	 639,53	  18,32	  18,43	  18,74	  50,98
14.04.17 08:01:09	  42839,334132	  22,46	 617,10	 639,56	  18,31	  18,45	  18,74	  50,98
14.04.17 08:03:45	  42839,335938	  22,46	 617,09	 639,56	  18,31	  18,42	  18,74	  51,04
14.04.17 08:06:14	  42839,337662	  22,46	 617,10	 639,56	  18,31	  18,42	  18,74	  51,01
14.04.17 08:08:44	  42839,339398	  22,43	 617,09	 639,51	  18,32	  18,38	  18,73	  51,10
14.04.17 08:11:13	  42839,341123	  22,46	 616,18	 638,64	  18,31	  18,45	  18,73	  51,19
14.04.17 08:13:42	  42839,342847	  22,44	 617,10	 639,54	  18,31	  18,43	  18,73	  51,19
14.04.17 08:16:11	  42839,344572	  22,47	 616,80	 639,27	  18,31	  18,43	  18,73	  51,26
14.04.17 08:18:41	  42839,346308	  22,51	 617,13	 639,64	  18,32	  18,43	  18,73	  51,23
14.04.17 08:21:10	  42839,348032	  22,44	 615,84	 638,28	  18,31	  18,43	  18,73	  51,35
14.04.17 08:23:46	  42839,349838	  22,48	 616,96	 639,44	  18,31	  18,42	  18,73	  51,32
14.04.17 08:26:15	  42839,351563	  22,46	 616,58	 639,04	  18,31	  18,44	  18,74	  51,35
14.04.17 08:28:44	  42839,353287	  22,49	 616,45	 638,94	  18,31	  18,42	  18,73	  51,41
14.04.17 08:31:13	  42839,355012	  22,47	 615,85	 638,32	  18,31	  18,46	  18,74	  51,41
14.04.17 08:33:43	  42839,356748	  22,46	 614,93	 637,39	  18,31	  18,47	  18,73	  51,54
14.04.17 08:36:12	  42839,358472	  22,45	 614,62	 637,07	  18,31	  18,48	  18,74	  51,63
14.04.17 08:38:41	  42839,360197	  22,47	 615,87	 638,34	  18,31	  18,46	  18,75	  51,63
14.04.17 08:41:10	  42839,361921	  22,51	 615,87	 638,38	  18,31	  18,48	  18,75	  51,60
14.04.17 08:43:39	  42839,363646	  22,46	 615,81	 638,27	  18,31	  18,46	  18,76	  51,60
14.04.17 08:46:15	  42839,365451	  22,46	 614,88	 637,34	  18,31	  18,46	  18,76	  51,70
14.04.17 08:48:45	  42839,367187	  22,51	 613,98	 636,49	  18,31	  18,44	  18,76	  51,79
14.04.17 08:51:14	  42839,368912	  22,49	 614,55	 637,04	  18,31	  18,48	  18,76	  51,85
14.04.17 08:53:43	  42839,370637	  22,49	 615,89	 638,38	  18,31	  18,49	  18,78	  51,95
14.04.17 08:56:12	  42839,372361	-225,10	 616,44	 391,34	  18,31	  18,65	  18,79	  52,01
14.04.17 08:58:41	  42839,374086	-207,85	 615,14	 407,29	  18,31	  18,56	  18,81	  52,20
14.04.17 09:01:11	  42839,375822	-208,17	 614,56	 406,39	  18,38	  18,49	  18,83	  52,20
14.04.17 09:03:40	  42839,377546	-208,01	 613,57	 405,56	  18,38	  18,59	  18,84	  52,58
14.04.17 09:06:16	  42839,379352	-207,89	 614,56	 406,67	  18,37	  18,57	  18,86	  52,24
14.04.17 09:08:45	  42839,381076	-207,82	 614,72	 406,91	  18,37	  18,60	  18,87	  52,67
14.04.17 09:11:14	  42839,382801	-207,60	 614,29	 406,69	  18,37	  18,65	  18,89	  52,46
14.04.17 09:13:43	  42839,384526	-207,88	 614,58	 406,70	  18,38	  18,61	  18,90	  52,37
14.04.17 09:16:13	  42839,386262	-207,86	 613,33	 405,47	  18,43	  18,64	  18,92	  52,43
14.04.17 09:18:42	  42839,387986	-207,86	 617,50	 409,65	  18,44	  18,64	  18,93	  52,40
14.04.17 09:21:11	  42839,389711	-208,22	 613,39	 405,17	  18,44	  18,62	  18,93	  52,34
14.04.17 09:23:40	  42839,391435	-208,81	 613,29	 404,48	  18,44	  18,58	  18,95	  52,38
14.04.17 09:26:10	  42839,393171	-208,91	 614,60	 405,70	  18,44	  18,68	  18,95	  52,47
14.04.17 09:28:45	  42839,394965	-208,43	 615,29	 406,86	  18,51	  18,69	  18,97	  52,47
14.04.17 09:31:15	  42839,396701	-208,91	 613,34	 404,43	  18,50	  18,68	  18,97	  52,32
14.04.17 09:33:44	  42839,398426	-209,08	 615,92	 406,84	  18,50	  18,68	  18,98	  52,44
14.04.17 09:36:13	  42839,400150	-209,66	 615,75	 406,09	  18,50	  18,70	  19,00	  52,44
14.04.17 09:38:42	  42839,401875	-209,06	 613,06	 404,00	  18,56	  18,75	  19,01	  52,51
14.04.17 09:41:11	  42839,403600	-208,82	 613,29	 404,47	  18,57	  18,76	  19,02	  52,66
14.04.17 09:43:41	  42839,405336	-209,06	 614,31	 405,25	  18,57	  18,76	  19,04	  52,64
14.04.17 09:46:10	  42839,407060	-209,05	 614,59	 405,54	  18,57	  18,80	  19,06	  52,70
14.04.17 09:48:46	  42839,408866	-209,13	 612,05	 402,93	  18,56	  18,75	  19,08	  52,86
14.04.17 09:51:15	  42839,410590	-209,32	 612,02	 402,70	  18,57	  18,82	  19,09	  52,92
14.04.17 09:53:44	  42839,412315	-208,34	 611,89	 403,55	  18,62	  18,83	  19,11	  52,80
14.04.17 09:56:13	  42839,414039	-209,27	 613,26	 403,99	  18,63	  18,82	  19,13	  52,74
14.04.17 09:58:43	  42839,415775	-208,31	 614,59	 406,28	  18,62	  18,80	  19,14	  52,77
14.04.17 10:01:12	  42839,417500	-210,23	 614,49	 404,26	  18,63	  18,88	  19,16	  52,81
14.04.17 10:03:41	  42839,419225	-209,21	 613,30	 404,09	  18,69	  18,89	  19,17	  53,06
14.04.17 10:06:10	  42839,420949	-210,37	 611,50	 401,13	  18,69	  18,88	  19,18	  52,94
14.04.17 10:08:40	  42839,422685	-209,38	 610,77	 401,39	  18,69	  18,87	  19,20	  53,00
14.04.17 10:11:15	  42839,424479	-209,93	 611,08	 401,15	  18,69	  18,88	  19,22	  52,97
14.04.17 10:13:45	  42839,426215	-210,37	 610,78	 400,41	  18,69	  18,91	  19,23	  53,00
14.04.17 10:16:14	  42839,427940	-207,85	 613,30	 405,45	  18,76	  18,95	  19,25	  53,01
14.04.17 10:18:43	  42839,429664	-210,91	 610,67	 399,76	  18,76	  18,93	  19,27	  53,01
14.04.17 10:21:12	  42839,431389	-210,88	 612,05	 401,17	  18,76	  18,95	  19,29	  53,04
14.04.17 10:23:42	  42839,433125	-211,29	 612,16	 400,87	  18,75	  18,95	  19,30	  53,08
14.04.17 10:26:11	  42839,434850	-208,73	 610,82	 402,09	  18,76	  19,01	  19,32	  53,11
14.04.17 10:28:40	  42839,436574	-210,03	 611,97	 401,94	  18,82	  19,02	  19,34	  53,11
14.04.17 10:31:16	  42839,438380	-210,62	 612,08	 401,46	  18,82	  19,02	  19,35	  53,11
14.04.17 10:33:45	  42839,440104	-212,91	 610,88	 397,97	  18,82	  19,02	  19,37	  53,15
14.04.17 10:36:14	  42839,441829	-211,58	 608,97	 397,38	  18,88	  19,08	  19,38	  53,18
14.04.17 10:38:44	  42839,443565	-210,29	 609,51	 399,22	  18,88	  19,01	  19,40	  53,15
14.04.17 10:41:13	  42839,445289	-212,94	 609,39	 396,45	  18,88	  19,09	  19,42	  53,28
14.04.17 10:43:42	  42839,447014	-212,31	 609,49	 397,18	  18,88	  19,07	  19,42	  53,28
